0, 1712.4, 2124.03
1, 1562.71, 1996.42
2, 1562.71, 1915.37
3, 1466.89, 1836.53
4, 1466.2, 1784.87
5, 1455.0, 1739.85
6, 1372.22, 1704.67
7, 1389.57, 1677.53
8, 1359.24, 1648.35
9, 1325.59, 1622.13
10, 1316.79, 1587.42
11, 1307.12, 1555.32
12, 1299.07, 1521.01
13, 1299.07, 1482.7
14, 1288.28, 1435.13
15, 1221.84, 1392.66
16, 1221.84, 1338.99
17, 1177.91, 1327.71
18, 1177.91, 1326.29
19, 1128.45, 1313.3
20, 1089.23, 1284.14
21, 1059.54, 1256.62
22, 1020.98, 1214.93
23, 1020.98, 1175.05
24, 1015.45, 1151.07
25, 996.08, 1129.47
26, 983.48, 1081.31
27, 970.86, 1058.86
28, 959.19, 1052.27
29, 959.19, 1043.32
30, 944.55, 1025.33
31, 939.26, 1021.81
32, 937.87, 1005.49
33, 937.56, 994.54
34, 924.63, 979.73
35, 919.34, 977.44
36, 913.73, 973.41
37, 913.73, 978.49
38, 912.62, 976.63
39, 909.35, 949.03
40, 909.35, 937.66
41, 901.95, 937.99
42, 901.95, 936.65
43, 901.95, 948.18
44, 901.95, 953.28
45, 899.58, 958.4
46, 894.57, 970.76
47, 894.57, 933.26
48, 894.57, 927.95
49, 893.31, 930.64
50, 893.31, 949.49
51, 890.5, 956.0
52, 890.5, 956.78
53, 890.5, 938.46
54, 890.5, 929.11
55, 890.5, 928.47
56, 890.5, 906.28
57, 890.5, 913.31
58, 890.5, 916.49
59, 890.5, 909.53
60, 890.5, 913.29
61, 890.5, 913.48
62, 888.09, 909.41
63, 888.09, 908.05
64, 888.09, 915.45
65, 888.09, 924.99
66, 888.09, 938.91
67, 888.09, 942.34
68, 888.09, 912.37
69, 888.09, 909.24
70, 888.09, 910.84
71, 888.09, 912.94
72, 888.09, 910.34
73, 888.09, 911.86
74, 888.09, 909.11
75, 888.09, 909.87
76, 888.09, 907.3
77, 888.09, 909.12
78, 888.09, 909.38
79, 888.09, 915.58
80, 888.09, 911.44
81, 888.09, 911.15
82, 888.09, 906.32
83, 888.09, 909.96
84, 888.09, 910.48
85, 888.09, 906.24
86, 888.09, 907.99
87, 888.09, 905.26
88, 888.09, 908.41
89, 888.09, 909.07
90, 888.09, 905.58
91, 888.09, 906.79
92, 888.09, 911.41
93, 888.09, 908.32
94, 888.09, 913.86
95, 888.09, 906.15
96, 888.09, 906.12
97, 888.09, 915.18
98, 888.09, 907.62
99, 888.09, 909.26
100, 888.09, 907.61
101, 888.09, 904.25
102, 888.09, 903.84
103, 888.09, 906.88
104, 888.09, 911.34
105, 888.09, 908.97
106, 888.09, 908.72
107, 888.09, 906.82
108, 888.09, 910.35
109, 888.09, 910.33
110, 888.09, 906.62
111, 888.09, 909.63
112, 888.09, 907.86
113, 888.09, 908.52
114, 888.09, 909.49
115, 888.09, 912.88
116, 888.09, 915.49
117, 888.09, 911.48
118, 888.09, 907.82
119, 888.09, 909.49
120, 888.09, 908.28
121, 888.09, 906.24
122, 888.09, 907.6
123, 888.09, 908.24
124, 888.09, 909.46
125, 888.09, 908.08
126, 888.09, 905.37
127, 888.09, 908.07
128, 888.09, 907.7
129, 888.09, 911.24
130, 888.09, 905.06
131, 888.09, 906.86
132, 888.09, 910.05
133, 888.09, 910.89
134, 888.09, 914.75
135, 888.09, 912.88
136, 888.09, 905.05
137, 888.09, 910.09
138, 888.09, 912.78
139, 888.09, 905.14
140, 888.09, 907.34
141, 888.09, 910.36
142, 888.09, 908.03
143, 888.09, 904.47
144, 888.09, 903.65
145, 888.09, 912.24
146, 888.09, 909.39
147, 888.09, 907.65
148, 888.09, 910.03
149, 888.09, 906.95
150, 888.09, 905.29
151, 888.09, 909.57
152, 888.09, 914.0
153, 888.09, 910.34
154, 888.09, 905.43
155, 888.09, 914.41
156, 888.09, 909.05
157, 888.09, 908.03
158, 888.09, 906.37
159, 888.09, 907.26
160, 888.09, 910.27
161, 888.09, 907.9
162, 888.09, 908.82
163, 888.09, 907.25
164, 888.09, 907.76
165, 888.09, 907.99
166, 888.09, 906.5
167, 888.09, 911.87
168, 888.09, 906.73
169, 888.09, 906.1
170, 888.09, 907.65
171, 888.09, 909.94
172, 888.09, 909.76
173, 888.09, 910.56
174, 888.09, 907.12
175, 888.09, 912.66
176, 888.09, 908.65
177, 888.09, 906.64
178, 888.09, 909.27
179, 888.09, 909.76
180, 888.09, 910.59
181, 888.09, 909.06
182, 888.09, 912.83
183, 888.09, 907.64
184, 888.09, 906.88
185, 888.09, 909.34
186, 888.09, 903.26
187, 888.09, 910.35
188, 888.09, 907.3
189, 888.09, 912.58
190, 888.09, 913.02
191, 888.09, 908.19
192, 888.09, 904.24
193, 888.09, 906.45
194, 888.09, 906.78
195, 888.09, 910.11
196, 888.09, 907.86
197, 888.09, 907.83
198, 888.09, 907.98
199, 888.09, 906.07
200, 888.09, 908.79
201, 888.09, 913.27
202, 888.09, 909.89
203, 888.09, 906.97
204, 888.09, 909.23
205, 888.09, 909.6
206, 888.09, 910.07
207, 888.09, 908.5
208, 888.09, 910.3
209, 888.09, 905.88
210, 888.09, 908.58
211, 888.09, 907.14
212, 888.09, 909.06
213, 888.09, 908.86
214, 888.09, 909.9
215, 888.09, 906.88
216, 888.09, 912.46
217, 888.09, 908.19
218, 888.09, 906.7
219, 888.09, 910.89
220, 888.09, 907.06
221, 888.09, 909.79
222, 888.09, 909.69
223, 888.09, 910.88
224, 888.09, 910.17
225, 888.09, 911.92
226, 888.09, 909.81
227, 888.09, 911.85
228, 888.09, 914.71
229, 888.09, 910.52
230, 888.09, 911.64
231, 888.09, 910.12
232, 888.09, 913.24
233, 888.09, 904.88
234, 888.09, 911.04
235, 888.09, 908.16
236, 888.09, 904.85
237, 888.09, 908.71
238, 888.09, 909.8
239, 888.09, 903.73
240, 888.09, 911.89
241, 888.09, 908.23
242, 888.09, 909.05
243, 888.09, 912.89
244, 888.09, 909.28
245, 888.09, 908.86
246, 888.09, 909.9
247, 888.09, 910.67
248, 888.09, 907.97
249, 888.09, 907.75
250, 888.09, 910.39
251, 888.09, 908.82
252, 888.09, 912.73
253, 888.09, 909.72
254, 888.09, 908.73
255, 888.09, 909.66
256, 888.09, 909.04
257, 888.09, 912.06
258, 888.09, 913.16
259, 888.09, 908.29
260, 888.09, 907.55
261, 888.09, 907.99
262, 888.09, 910.54
263, 888.09, 911.08
264, 888.09, 909.36
265, 888.09, 912.92
266, 888.09, 909.28
267, 888.09, 909.27
268, 888.09, 909.68
269, 888.09, 911.03
270, 888.09, 909.68
271, 888.09, 907.88
272, 888.09, 911.6
273, 888.09, 907.13
274, 888.09, 911.47
275, 888.09, 910.93
276, 888.09, 911.91
277, 888.09, 907.5
278, 888.09, 911.43
279, 888.09, 906.1
280, 888.09, 911.1
281, 888.09, 909.92
282, 888.09, 908.24
283, 888.09, 909.86
284, 888.09, 905.47
285, 888.09, 912.0
286, 888.09, 912.07
287, 888.09, 909.23
288, 888.09, 908.51
289, 888.09, 907.92
290, 888.09, 908.83
291, 888.09, 909.31
292, 888.09, 913.71
293, 888.09, 909.99
294, 888.09, 909.74
295, 888.09, 906.58
296, 888.09, 905.66
297, 888.09, 914.81
298, 888.09, 910.69
299, 888.09, 907.34
300, 888.09, 908.18
301, 888.09, 911.34
302, 888.09, 909.23
303, 888.09, 909.88
304, 888.09, 906.17
305, 888.09, 906.17
306, 888.09, 907.76
307, 888.09, 906.84
308, 888.09, 909.79
309, 888.09, 907.35
310, 888.09, 913.78
311, 888.09, 905.79
312, 888.09, 906.13
313, 888.09, 906.11
314, 888.09, 911.16
315, 888.09, 912.21
316, 888.09, 908.75
317, 888.09, 911.93
318, 888.09, 915.12
319, 888.09, 909.27
320, 888.09, 906.55
321, 888.09, 910.72
322, 888.09, 912.83
323, 888.09, 911.39
324, 888.09, 909.73
325, 888.09, 911.09
326, 888.09, 913.73
327, 888.09, 913.11
328, 888.09, 908.97
329, 888.09, 911.88
330, 888.09, 908.24
331, 888.09, 907.21
332, 888.09, 909.74
333, 888.09, 908.26
334, 888.09, 908.32
335, 888.09, 910.18
336, 888.09, 906.74
337, 888.09, 906.75
338, 888.09, 909.69
339, 888.09, 909.14
340, 888.09, 906.18
341, 888.09, 908.11
342, 888.09, 902.27
343, 888.09, 905.02
344, 888.09, 905.33
345, 888.09, 906.69
346, 888.09, 911.02
347, 888.09, 912.23
348, 888.09, 906.34
349, 888.09, 913.47
350, 888.09, 906.98
351, 888.09, 906.03
352, 888.09, 907.73
353, 888.09, 906.01
354, 888.09, 908.27
355, 888.09, 907.35
356, 888.09, 909.22
357, 888.09, 908.67
358, 888.09, 910.82
359, 888.09, 905.68
360, 888.09, 903.57
361, 888.09, 902.78
362, 888.09, 908.9
363, 888.09, 906.07
364, 888.09, 904.36
365, 888.09, 907.37
366, 888.09, 907.26
367, 888.09, 907.34
368, 888.09, 915.28
369, 888.09, 909.99
370, 888.09, 907.49
371, 888.09, 911.51
372, 888.09, 906.46
373, 888.09, 909.78
374, 888.09, 911.88
375, 888.09, 908.42
376, 888.09, 911.78
377, 888.09, 910.54
378, 888.09, 910.52
379, 888.09, 905.79
380, 888.09, 908.07
381, 888.09, 911.9
382, 888.09, 906.63
383, 888.09, 909.6
384, 888.09, 905.82
385, 888.09, 910.83
386, 888.09, 910.97
387, 888.09, 908.67
388, 888.09, 909.22
389, 888.09, 908.67
390, 888.09, 911.36
391, 888.09, 911.95
392, 888.09, 908.52
393, 888.09, 909.41
394, 888.09, 907.74
395, 888.09, 910.54
396, 888.09, 911.62
397, 888.09, 910.93
398, 888.09, 908.38
399, 888.09, 911.85
400, 888.09, 907.74
401, 888.09, 907.13
402, 888.09, 908.31
403, 888.09, 907.11
404, 888.09, 905.71
405, 888.09, 905.49
406, 888.09, 908.2
407, 888.09, 910.8
408, 888.09, 910.19
409, 888.09, 913.24
410, 888.09, 912.13
411, 888.09, 911.89
412, 888.09, 909.03
413, 888.09, 909.5
414, 888.09, 908.97
415, 888.09, 907.25
416, 888.09, 907.27
417, 888.09, 908.19
418, 888.09, 910.56
419, 888.09, 910.43
420, 888.09, 906.93
421, 888.09, 909.75
422, 888.09, 912.64
423, 888.09, 911.96
424, 888.09, 905.64
425, 888.09, 908.1
426, 888.09, 907.82
427, 888.09, 904.9
428, 888.09, 904.27
429, 888.09, 909.01
430, 888.09, 910.17
431, 888.09, 909.27
432, 888.09, 908.11
433, 888.09, 907.39
434, 888.09, 907.79
435, 888.09, 914.86
436, 888.09, 909.58
437, 888.09, 912.14
438, 888.09, 910.48
439, 888.09, 909.39
440, 888.09, 907.65
441, 888.09, 910.47
442, 888.09, 910.39
443, 888.09, 910.56
444, 888.09, 905.9
445, 888.09, 908.45
446, 888.09, 911.05
447, 888.09, 908.93
448, 888.09, 912.8
449, 888.09, 907.58
450, 888.09, 907.13
451, 888.09, 911.45
452, 888.09, 911.63
453, 888.09, 905.15
454, 888.09, 910.31
455, 888.09, 910.44
456, 888.09, 906.94
457, 888.09, 908.46
458, 888.09, 908.4
459, 888.09, 906.19
460, 888.09, 908.65
461, 888.09, 911.61
462, 888.09, 908.35
463, 888.09, 908.41
464, 888.09, 913.47
465, 888.09, 912.15
466, 888.09, 904.18
467, 888.09, 909.05
468, 888.09, 909.11
469, 888.09, 912.4
470, 888.09, 913.74
471, 888.09, 907.93
472, 888.09, 908.75
473, 888.09, 913.05
474, 888.09, 907.73
475, 888.09, 907.13
476, 888.09, 906.93
477, 888.09, 905.78
478, 888.09, 909.15
479, 888.09, 910.69
480, 888.09, 905.97
481, 888.09, 909.82
482, 888.09, 912.9
483, 888.09, 910.29
484, 888.09, 905.89
485, 888.09, 905.92
486, 888.09, 908.45
487, 888.09, 906.42
488, 888.09, 909.79
489, 888.09, 904.72
490, 888.09, 909.31
491, 888.09, 904.42
492, 888.09, 906.17
493, 888.09, 909.79
494, 888.09, 906.07
495, 888.09, 908.28
496, 888.09, 910.13
497, 888.09, 908.54
498, 888.09, 913.53
499, 888.09, 907.9
