0, 1635.78, 2127.27
1, 1574.35, 1994.05
2, 1541.9, 1901.61
3, 1541.9, 1828.63
4, 1504.24, 1768.03
5, 1326.09, 1720.02
6, 1320.32, 1669.71
7, 1320.32, 1626.93
8, 1252.61, 1581.87
9, 1250.81, 1536.15
10, 1136.73, 1487.75
11, 1187.36, 1445.61
12, 1173.54, 1406.95
13, 1102.2, 1369.14
14, 1089.35, 1339.54
15, 1060.6, 1300.02
16, 1023.11, 1256.24
17, 1000.66, 1221.36
18, 992.04, 1184.78
19, 992.04, 1148.54
20, 953.05, 1125.58
21, 953.05, 1094.2
22, 949.83, 1076.7
23, 943.33, 1056.11
24, 924.44, 1052.58
25, 921.46, 1058.48
26, 921.06, 1043.66
27, 892.21, 1012.16
28, 892.21, 1009.39
29, 892.21, 998.09
30, 884.59, 980.22
31, 870.99, 962.66
32, 870.99, 943.94
33, 861.82, 930.92
34, 861.82, 915.77
35, 858.52, 917.86
36, 858.52, 902.95
37, 856.01, 893.92
38, 856.01, 888.27
39, 849.68, 883.61
40, 849.68, 881.19
41, 847.58, 882.51
42, 847.58, 884.89
43, 847.58, 877.73
44, 847.58, 876.19
45, 847.58, 867.25
46, 847.58, 872.34
47, 847.58, 873.1
48, 841.32, 868.89
49, 841.32, 867.18
50, 841.32, 868.98
51, 841.32, 867.03
52, 841.32, 865.49
53, 841.32, 863.98
54, 839.61, 865.66
55, 839.61, 864.86
56, 839.61, 862.31
57, 839.6, 863.64
58, 839.6, 864.7
59, 839.6, 858.49
60, 836.03, 859.16
61, 836.03, 859.87
62, 836.03, 863.2
63, 836.03, 859.89
64, 836.03, 861.94
65, 836.03, 857.27
66, 836.03, 861.08
67, 836.03, 855.73
68, 836.03, 859.01
69, 836.03, 857.39
70, 836.03, 858.34
71, 836.03, 860.18
72, 836.03, 861.99
73, 836.03, 863.5
74, 836.03, 860.84
75, 836.03, 858.56
76, 836.03, 855.13
77, 836.03, 856.4
78, 836.03, 858.29
79, 836.03, 856.66
80, 836.03, 859.58
81, 836.03, 855.54
82, 836.03, 855.22
83, 836.03, 859.0
84, 836.03, 861.72
85, 836.03, 857.73
86, 836.03, 860.55
87, 836.03, 857.52
88, 836.03, 856.27
89, 836.03, 858.62
90, 836.03, 861.86
91, 836.03, 855.44
92, 836.03, 857.09
93, 836.03, 856.39
94, 836.03, 864.41
95, 836.03, 858.84
96, 836.03, 857.24
97, 836.03, 857.17
98, 836.03, 859.95
99, 836.03, 857.98
100, 836.03, 859.46
101, 836.03, 858.5
102, 836.03, 859.36
103, 836.03, 860.87
104, 836.03, 857.67
105, 836.03, 861.14
106, 836.03, 863.39
107, 836.03, 856.87
108, 836.03, 861.22
109, 836.03, 857.72
110, 836.03, 856.59
111, 836.03, 857.22
112, 836.03, 856.13
113, 836.03, 857.62
114, 836.03, 860.71
115, 836.03, 857.06
116, 836.03, 855.85
117, 836.03, 860.33
118, 836.03, 859.73
119, 836.03, 858.79
120, 836.03, 857.04
121, 836.03, 860.92
122, 836.03, 858.31
123, 836.03, 856.38
124, 836.03, 859.95
125, 836.03, 859.99
126, 836.03, 860.59
127, 836.03, 859.43
128, 836.03, 858.97
129, 836.03, 858.77
130, 836.03, 855.83
131, 836.03, 856.7
132, 836.03, 861.49
133, 836.03, 859.7
134, 836.03, 857.01
135, 836.03, 860.54
136, 836.03, 857.71
137, 836.03, 859.72
138, 836.03, 860.13
139, 836.03, 860.4
140, 836.03, 861.51
141, 836.03, 863.72
142, 836.03, 860.5
143, 836.03, 858.77
144, 836.03, 854.54
145, 836.03, 859.14
146, 836.03, 862.41
147, 836.03, 858.03
148, 836.03, 855.08
149, 836.03, 855.13
150, 836.03, 859.73
151, 836.03, 855.22
152, 836.03, 860.15
153, 836.03, 857.09
154, 836.03, 855.68
155, 836.03, 856.97
156, 836.03, 856.01
157, 836.03, 856.01
158, 836.03, 859.58
159, 836.03, 859.28
160, 836.03, 858.46
161, 836.03, 857.07
162, 836.03, 858.74
163, 836.03, 856.64
164, 836.03, 855.06
165, 836.03, 861.33
166, 836.03, 857.89
167, 836.03, 858.73
168, 836.03, 856.55
169, 836.03, 856.99
170, 836.03, 860.06
171, 836.03, 857.67
172, 836.03, 860.7
173, 836.03, 854.42
174, 836.03, 860.43
175, 836.03, 857.57
176, 836.03, 858.03
177, 836.03, 860.97
178, 836.03, 855.59
179, 836.03, 855.35
180, 836.03, 862.06
181, 836.03, 861.48
182, 836.03, 856.12
183, 836.03, 857.37
184, 836.03, 859.14
185, 836.03, 858.17
186, 836.03, 859.9
187, 836.03, 858.0
188, 836.03, 859.09
189, 836.03, 861.97
190, 836.03, 860.74
191, 836.03, 858.08
192, 836.03, 858.26
193, 836.03, 856.67
194, 836.03, 857.53
195, 836.03, 856.91
196, 836.03, 859.59
197, 836.03, 855.42
198, 836.03, 855.71
199, 836.03, 859.32
200, 836.03, 860.41
201, 836.03, 860.26
202, 836.03, 856.14
203, 836.03, 861.43
204, 836.03, 860.41
205, 836.03, 858.46
206, 836.03, 860.82
207, 836.03, 860.17
208, 836.03, 859.65
209, 836.03, 862.68
210, 836.03, 857.89
211, 836.03, 863.01
212, 836.03, 860.27
213, 836.03, 860.75
214, 836.03, 852.96
215, 836.03, 858.35
216, 836.03, 857.93
217, 836.03, 863.66
218, 836.03, 855.89
219, 836.03, 854.45
220, 836.03, 861.54
221, 836.03, 861.47
222, 836.03, 856.32
223, 836.03, 857.78
224, 836.03, 864.52
225, 836.03, 853.25
226, 836.03, 860.57
227, 836.03, 861.78
228, 836.03, 860.61
229, 836.03, 858.47
230, 836.03, 858.41
231, 836.03, 865.31
232, 836.03, 862.12
233, 836.03, 859.87
234, 836.03, 859.41
235, 836.03, 856.67
236, 836.03, 861.22
237, 836.03, 856.78
238, 836.03, 857.95
239, 836.03, 854.29
240, 836.03, 863.66
241, 836.03, 862.63
242, 836.03, 855.82
243, 836.03, 856.66
244, 836.03, 855.72
245, 836.03, 860.77
246, 836.03, 860.98
247, 836.03, 857.67
248, 836.03, 860.59
249, 836.03, 856.89
250, 836.03, 859.67
251, 836.03, 856.01
252, 836.03, 858.28
253, 836.03, 856.19
254, 836.03, 855.4
255, 836.03, 859.89
256, 836.03, 862.21
257, 836.03, 861.7
258, 836.03, 855.57
259, 836.03, 860.33
260, 836.03, 855.59
261, 836.03, 860.71
262, 836.03, 858.35
263, 836.03, 860.91
264, 836.03, 857.04
265, 836.03, 857.91
266, 836.03, 858.36
267, 836.03, 866.21
268, 836.03, 857.42
269, 836.03, 858.4
270, 836.03, 860.66
271, 836.03, 860.85
272, 836.03, 859.35
273, 836.03, 858.97
274, 836.03, 856.51
275, 836.03, 853.07
276, 836.03, 856.26
277, 836.03, 858.76
278, 836.03, 861.03
279, 836.03, 862.4
280, 836.03, 856.92
281, 836.03, 859.25
282, 836.03, 855.0
283, 836.03, 858.67
284, 836.03, 856.01
285, 836.03, 857.6
286, 836.03, 857.09
287, 836.03, 858.21
288, 836.03, 866.67
289, 836.03, 859.41
290, 836.03, 858.74
291, 836.03, 859.5
292, 836.03, 854.92
293, 836.03, 858.2
294, 836.03, 856.74
295, 836.03, 854.75
296, 836.03, 858.57
297, 836.03, 863.13
298, 836.03, 856.06
299, 836.03, 858.05
300, 836.03, 859.4
301, 836.03, 856.72
302, 836.03, 859.44
303, 836.03, 856.5
304, 836.03, 857.5
305, 836.03, 856.85
306, 836.03, 857.6
307, 836.03, 864.31
308, 836.03, 856.03
309, 836.03, 862.79
310, 836.03, 857.03
311, 836.03, 859.39
312, 836.03, 857.99
313, 836.03, 857.05
314, 836.03, 858.58
315, 836.03, 858.47
316, 836.03, 861.71
317, 836.03, 860.66
318, 836.03, 860.16
319, 836.03, 855.78
320, 836.03, 856.85
321, 836.03, 857.87
322, 836.03, 861.12
323, 836.03, 866.05
324, 836.03, 861.53
325, 836.03, 860.61
326, 836.03, 861.9
327, 836.03, 859.05
328, 836.03, 857.46
329, 836.03, 854.29
330, 836.03, 858.24
331, 836.03, 862.17
332, 836.03, 861.49
333, 836.03, 853.55
334, 836.03, 858.2
335, 836.03, 854.26
336, 836.03, 859.38
337, 836.03, 861.27
338, 836.03, 860.85
339, 836.03, 855.55
340, 836.03, 857.91
341, 836.03, 858.29
342, 836.03, 860.64
343, 836.03, 863.27
344, 836.03, 860.9
345, 836.03, 855.94
346, 836.03, 856.87
347, 836.03, 857.03
348, 836.03, 859.1
349, 836.03, 858.51
350, 836.03, 860.22
351, 836.03, 856.76
352, 836.03, 855.18
353, 836.03, 862.64
354, 836.03, 861.72
355, 836.03, 857.21
356, 836.03, 867.15
357, 836.03, 856.35
358, 836.03, 858.73
359, 836.03, 858.72
360, 836.03, 857.65
361, 836.03, 863.33
362, 836.03, 860.86
363, 836.03, 858.21
364, 836.03, 859.52
365, 836.03, 861.56
366, 836.03, 863.12
367, 836.03, 861.31
368, 836.03, 859.55
369, 836.03, 858.79
370, 836.03, 857.9
371, 836.03, 863.11
372, 836.03, 859.35
373, 836.03, 861.12
374, 836.03, 856.47
375, 836.03, 857.06
376, 836.03, 859.06
377, 836.03, 855.71
378, 836.03, 858.07
379, 836.03, 860.46
380, 836.03, 860.86
381, 836.03, 858.33
382, 836.03, 859.94
383, 836.03, 860.21
384, 836.03, 858.39
385, 836.03, 858.92
386, 836.03, 862.64
387, 836.03, 858.89
388, 836.03, 859.45
389, 836.03, 857.69
390, 836.03, 856.09
391, 836.03, 858.63
392, 836.03, 861.32
393, 836.03, 862.13
394, 836.03, 858.32
395, 836.03, 858.4
396, 836.03, 855.45
397, 836.03, 854.03
398, 836.03, 860.77
399, 836.03, 860.81
400, 836.03, 860.43
401, 836.03, 857.9
402, 836.03, 859.22
403, 836.03, 862.75
404, 836.03, 862.09
405, 836.03, 863.01
406, 836.03, 851.59
407, 836.03, 860.64
408, 836.03, 856.86
409, 836.03, 864.43
410, 836.03, 860.19
411, 836.03, 857.38
412, 836.03, 859.92
413, 836.03, 858.05
414, 836.03, 860.32
415, 836.03, 857.32
416, 836.03, 857.06
417, 836.03, 865.04
418, 836.03, 856.72
419, 836.03, 857.25
420, 836.03, 857.9
421, 836.03, 857.93
422, 836.03, 860.66
423, 836.03, 857.68
424, 836.03, 860.63
425, 836.03, 861.01
426, 836.03, 856.36
427, 836.03, 860.97
428, 836.03, 859.13
429, 836.03, 859.18
430, 836.03, 858.9
431, 836.03, 858.56
432, 836.03, 861.96
433, 836.03, 856.68
434, 836.03, 865.13
435, 836.03, 856.12
436, 836.03, 861.83
437, 836.03, 859.4
438, 836.03, 862.11
439, 836.03, 859.36
440, 836.03, 859.75
441, 836.03, 859.86
442, 836.03, 863.04
443, 836.03, 854.1
444, 836.03, 858.52
445, 836.03, 859.0
446, 836.03, 858.19
447, 836.03, 860.21
448, 836.03, 861.5
449, 836.03, 855.64
450, 836.03, 858.84
451, 836.03, 856.53
452, 836.03, 858.55
453, 836.03, 855.96
454, 836.03, 861.05
455, 836.03, 853.97
456, 836.03, 861.57
457, 836.03, 857.27
458, 836.03, 856.01
459, 836.03, 865.91
460, 836.03, 863.93
461, 836.03, 860.56
462, 836.03, 858.38
463, 836.03, 862.79
464, 836.03, 857.56
465, 836.03, 852.93
466, 836.03, 855.3
467, 836.03, 856.32
468, 836.03, 858.55
469, 836.03, 856.6
470, 836.03, 857.4
471, 836.03, 860.97
472, 836.03, 859.43
473, 836.03, 853.94
474, 836.03, 861.36
475, 836.03, 857.16
476, 836.03, 856.72
477, 836.03, 860.2
478, 836.03, 856.42
479, 836.03, 857.08
480, 836.03, 856.28
481, 836.03, 857.53
482, 836.03, 861.74
483, 836.03, 858.1
484, 836.03, 859.4
485, 836.03, 855.25
486, 836.03, 858.27
487, 836.03, 859.0
488, 836.03, 857.76
489, 836.03, 859.14
490, 836.03, 858.54
491, 836.03, 857.99
492, 836.03, 860.16
493, 836.03, 860.35
494, 836.03, 860.83
495, 836.03, 854.79
496, 836.03, 856.92
497, 836.03, 862.53
498, 836.03, 853.83
499, 836.03, 859.21
